las = 80.45502543918595 %
uas = 83.58452529519056 %
label_acc = 94.51857540558703 %
total = 10417
punct = 1175
