las = 76.61165048543688 %
uas = 80.85436893203884 %
label_acc = 92.07766990291262 %
total = 10300
punct = 1162
